DangerType: Rain
Grime: 0.2065217
BkgDroneVolume: 0
WaterReflectionAlpha: 0.2608696
Palette: 35
EffectColorA: 12
EffectColorB: 12
Effects: Darkness-0.6739131-19-79, RedSwarmer-0.09782609-20-129, RockFlea-0.09782609-275-14, WaterDepth-0.1304348-278-76, 
PlacedObjects: DangleFruit><2634.413><578.4302><0~0~2~3, DangleFruit><2690.317><595.1699><0~0~2~3, DangleFruit><419.4196><1050.374><0~0~2~3, DangleFruit><394.4427><1075.197><0~0~2~3, DangleFruit><2327.883><1100.912><-38~177~2~3, DangleFruit><2577.57><1087.439><-23~192~2~3, DangleFruit><2605.672><1050.353><88~200~2~3, CustomDecal><2281.579><947.316><-12~276~282~256~273~9~-325~35~0.5760869~1~0.423913~the scream~0.1847826~0.1630435~0.4565217~0.1847826~0~0.3586957~0~0.2608696, CustomDecal><2619.183><941.8082><-28~266~375~254~298~-14~-660~115~0.6521739~1~0.1956522~rubber ducky~0.2173913~0.0326087~0.3913043~0.0326087~0~0.0326087~0.04347826~0.0326087, CustomDecal><3064.694><969.0503><-14~238~331~272~293~-12~764~-262~0.6304348~1~0.5~GummiWorms~0.1847826~0.3043478~0.5869565~0.3043478~0.08695652~0.3043478~0.0326087~0.3043478, CustomDecal><1985.322><911.8096><-94~131~1850~163~1756~-27~1019~-296~0.2717391~0.6956522~1~BadSkin~0~1~0.09782609~1~0.06521739~1~0~1, CustomDecal><3488.05><919.7376><-10~349~429~358~379~-74~357~-125~0.3043478~1~1~Big Letters~0.5434783~1~0.05434782~1~0.3478261~1~0~1, CustomDecal><80.74667><911.7><-20~364~559~341~557~-60~-148~-468~0.2717391~0.6304348~1~Big Tag~0.3152174~1~0.3152174~1~0.3152174~1~0.3152174~1, CustomDecal><427.102><901.6155><39~157~577~151~789~33~-267~-415~0.2826087~0.7717391~1~AwfulLongB&W~0.08695652~1~0~1~0~1~0.1847826~1, CustomDecal><658.0658><888.1888><-34~365~350~392~386~-14~-554~92~0.6413044~0.7391304~1~porl~0~0.4456522~0~0.4456522~0.5~0.4456522~0~0.4456522, 
AmbientSounds: OMNI><AM_ENV-CityTone.ogg><856.09><633.1786><0.2391304><1, SPOT><AM_WIN-StrongWnd2.ogg><857.4761><512.9486><0.4456522><1><1593.476><1461.949><-473.3553><-313.3553><0><0.3826088, SPOT><AM_ENV-LightWind.ogg><676.6739><589.6849><0.25><1><376.6739><1449.685><189.6447><-266.3553><0><0.4260871, SPOT><AM_ENV-Outside.ogg><863.3052><393.6922><0.25><1><2656.305><1460.692><-132.3553><-205.3553><0><0.9152175, SPOT><AM_ENV-Outside.ogg><686.1141><471.8358><0.4347826><1><1484.114><335.8358><-512.3553><-251.3553><0><0.6434784, SPOT><SO_IND-HeatDuct.ogg><685.1998><365.7592><0.2934783><1><140.1998><252.7592><-117.3553><-228.3553><0><0.3717393, 
FadePalette: 11, 0.1956522, 0.2173913, 0.2717391, 0.3152174, 0.25, 0.2717391, 0.2934783
